################AUTHOR INFO################
#Made by Wonjun Hwang
#E-mail : iamjam4944@gmail.com
#Find full source code @ https://github.com/Maetel/DiversWorld
#License : This work is licensed under a Creative Commons Attribution-NonCommercial-ShareAlike 4.0 International License.

################USAGE################
#File format :
#[Depth] [Bottom Time] [Time to First stop (MMSS)] [Gas mix] [Chamber O2 Periods] [Repeat group] [Decompression stops {20}, {30}, {40}, ... ]
#Delimitters can be either one of {' '} {','} {', '}
#For Gas mix, "O2" == "AIRO2" == "AIR/O2". Works either for upper/lower cases or mixed.

#Data of 60FSW

60 63 200 A 0 K 0
60 63 200 O 0 K 0
60 65 120 AIR 0.5 L 2
60 65 120 O2 0.5 L 1
60 70 120 AIR 0.5 L 7
60 70 120 O2 0.5 L 4
60 80 120 AIR 0.5 N 14
60 80 120 O2 0.5 N 7
60 90 120 AIR 0.5 O 23
60 90 120 O2 0.5 O 10
60 100 120 AIR 1 Z 42
60 100 120 O2 1 Z 15
60 110 120 AIR 1 Z 57
60 110 120 O2 1 Z 21
60 120 120 AIR 1 Z 75
60 120 120 O2 1 Z 26

#Data of 70FSW

70 48 220 A 0 K 0
70 48 220 O 0 K 0
70 50 140 AIR 0.5 K 2
70 50 140 O2 0.5 K 1
70 55 140 AIR 0.5 L 9
70 55 140 O2 0.5 L 5
70 60 140 AIR 0.5 M 14
70 60 140 O2 0.5 M 8
70 70 140 AIR 0.5 N 24
70 70 140 O2 0.5 N 13
70 80 140 AIR 1 O 44
70 80 140 O2 1 O 17
70 90 140 AIR 1 Z 64
70 90 140 O2 1 Z 24
70 100 140 AIR 1.5 Z 88
70 100 140 O2 1.5 Z 31
70 110 140 AIR 1.5 Z 120
70 110 140 O2 1.5 Z 38
70 120 140 AIR 2 Z 145
70 120 140 O2 2 Z 44

#Data of 80FSW

80 39 240 A 0 J 0
80 39 240 O 0 J 0
80 40 200 A 0.5 J 1
80 40 200 O 0.5 J 1
80 45 200 A 0.5 K 10
80 45 200 O 0.5 K 5
80 50 200 A 0.5 M 17
80 50 200 O 0.5 M 9
80 55 200 A 0.5 M 24
80 55 200 O 0.5 M 13
80 60 200 A 1 N 30
80 60 200 O 1 N 16
80 70 200 A 1 O 54
80 70 200 O 1 O 22
80 80 200 A 1.5 Z 77
80 80 200 O 1.5 Z 30
80 90 200 A 1.5 Z 114
80 90 200 O 1.5 Z 39
80 100 140 A 2 Z 147
80 100 140 O 2 Z 46
80 110 140 A 2 Z 171
80 110 140 O 2 Z 51
80 120 140 A 2.5 0 200
80 120 140 O 2.5 0 59

#Data of 90FSW

90 33 300 A 0 J 0
90 33 300 O 0 J 0
90 35 220 A 0.5 J 4
90 35 220 O 0.5 J 2
90 40 220 A 0.5 L 14
90 40 220 O 0.5 L 7
90 45 220 A 0.5 M 23
90 45 220 O 0.5 M 12
90 50 220 A 1 N 31
90 50 220 O 1 N 17
90 55 220 A 1 O 39
90 55 220 O 1 O 21
90 60 220 A 1 Z 56
90 60 220 O 1 Z 24
90 70 220 A 1.5 Z 83
90 70 220 O 1.5 Z 32
90 80 200 A 2 Z 125 5
90 80 200 O 2 Z 40 3
90 90 200 A 2 Z 158 13
90 90 200 O 2 Z 7 46
90 100 200 A 2.5 0 185 19
90 100 200 O 2.5 0 53 10
90 110 200 A 3 0 224 25
90 110 200 O 3 0 61 13
90 120 140 A 3.5 0 256 28 2
90 120 140 O 3.5 0 70 14 2

#Data of 100FSW

100 25 320 A 0 H 0
100 25 320 O 0 H 0
100 30 240 A 0.5 J 3
100 30 240 O 0.5 J 2
100 35 240 A 0.5 L 15
100 35 240 O 0.5 L 8
100 40 240 A 1 M 26
100 40 240 O 1 M 14
100 45 240 A 1 N 36
100 45 240 O 1 N 19
100 50 240 A 1 O 47
100 50 240 O 1 O 24
100 55 240 AIR 1.5 Z 65
100 55 240 O2 1.5 Z 28
100 60 240 AIR 1.5 Z 81
100 60 240 O2 1.5 Z 33
100 70 220 AIR 2 Z 124 11
100 70 220 O2 2 Z 39 6
100 80 220 AIR 2.5 Z 160 21
100 80 220 O2 2.5 Z 45 11
100 90 220 AIR 2.5 0 196 28 2
100 90 220 O2 2.5 0 53 14 2
100 100 200 A 3 0 241 28 9
100 100 200 O 3 0 66 14 9
100 110 200 A 3.5 0 278 28 14
100 110 200 O 3.5 0 76 14 14
100 120 200 A 4 0 324 28 19
100 120 200 O 4 0 85 14 19

#Data of 110FSW

110 20 340 A 0 H 0
110 20 340 O 0 H 0
110 25 300 A 0.5 I 5
110 25 300 O 0.5 I 3
110 30 300 A 0.5 K 14
110 30 300 O 0.5 K 7
110 35 300 A 1 M 27
110 35 300 O 1 M 14
110 40 300 A 1 N 39
110 40 300 O 1 N 20
110 45 300 A 1 O 50
110 45 300 O 1 O 26
110 50 300 A 1.5 Z 71
110 50 300 O 1.5 Z 32
110 55 240 A 1.5 Z 85 5
110 55 240 O 1.5 Z 33 3
110 60 240 A 2 Z 111 13
110 60 240 O 2 Z 36 7
110 70 240 A 2.5 Z 155 26
110 70 240 O 2.5 Z 42 14
110 80 220 A 2.5 0 200 28 9
110 80 220 O 2.5 0 54 14 9
110 90 220 A 3.5 0 249 28 18
110 90 220 O 3.5 0 68 14 18
110 100 220 A 3.5 0 295 28 25
110 100 220 O 3.5 0 79 14 25
110 110 200 A 4 0 353 28 26 5
110 110 200 O 4 0 91 14 26 5
110 120 200 A 4 0 413 35 26 10
110 120 200 O 4 0 101 18 26 10

#Data of 120FSW

120 15 400 A 0 F 0
120 15 400 O 0 F 0
120 20 320 A 0.5 H 4
120 20 320 O 0.5 H 2
120 25 320 A 0.5 J 9
120 25 320 O 0.5 J 5
120 30 320 A 0.5 L 24
120 30 320 O 0.5 L 13
120 35 320 A 1 N 38
120 35 320 O 1 N 20
120 40 300 A 1 O 49 2
120 40 300 O 1 O 26 1
120 45 300 A 1.5 Z 71 3
120 45 300 O 1.5 Z 31 2
120 50 300 A 1.5 Z 85 10
120 50 300 O 1.5 Z 33 5
120 55 300 A 2 Z 116 19
120 55 300 O 2 Z 35 10
120 60 300 A 2 Z 142 27
120 60 300 O 2 Z 39 14
120 70 240 A 2.5 0 190 28 13
120 70 240 O 2.5 0 51 14 13
120 80 240 A 3 0 246 28 24
120 80 240 O 3 0 67 14 24
120 90 220 A 3.5 0 303 28 26 7
120 90 220 O 3.5 0 80 14 26 7
120 100 220 A 4 0 372 28 25 15
120 100 220 O 4 0 95 14 25 15
120 110 220 A 5 0 433 38 25 21
120 110 220 O 5 0 105 19 25 21
120 120 200 A 5.5 0 480 47 25 23 3
120 120 200 O 5.5 0 113 24 25 23 3


#Data of 130FSW

130 12 420 A 0 F 0
130 12 420 O 0 F 0
130 15 340 A 0.5 G 3
130 15 340 O 0.5 G 2
130 20 340 A 0.5 I 8
130 20 340 O 0.5 I 5
130 25 340 A 0.5 K 17
130 25 340 O 0.5 K 9
130 30 320 A 1 M 32 2
130 30 320 O 1 M 17 1
130 35 320 A 1 O 44 5
130 35 320 O 1 O 23 3
130 40 320 A 1.5 Z 66 6
130 40 320 O 1.5 Z 30 3
130 45 300 A 1.5 Z 84 11 1
130 45 300 O 1.5 Z 33 6 1
130 50 300 A 2 Z 118 20 2
130 50 300 O 2 Z 36 10 2
130 55 300 A 2 Z 146 28 4
130 55 300 O 2 Z 40 14 4
130 60 300 A 2.5 Z 170 28 12
130 60 300 O 2.5 Z 46 14 12
130 70 240 A 3 0 235 28 26 1
130 70 240 O 3 0 63 14 26 1
130 80 240 A 3.5 0 297 28 26 12
130 80 240 O 3.5 0 79 14 26 12
130 90 240 A 4 0 375 28 25 22
130 90 240 O 4 0 95 14 25 22
130 100 220 A 5 0 444 38 26 23 6
130 100 220 O 5 0 106 20 26 23 6
130 120 220 A 6 0 534 57 27 24 17
130 120 220 O 6 0 130 29 27 24 17

#Data of 140FSW

140 10 440 A 0 E 0
140 10 440 O 0 E 0
140 15 400 A 0.5 H 5
140 15 400 O 0.5 H 3
140 20 340 A 0.5 J 13
140 20 340 O 0.5 J 7
140 25 340 A 1 L 24 3
140 25 340 O 1 L 12 2
140 30 320 A 1 N 37 7
140 30 320 O 1 N 19 4
140 35 320 A 1.5 O 58 7 2
140 35 320 O 1.5 O 26 4 2
140 40 320 A 1.5 Z 82 7 4
140 40 320 O 1.5 Z 33 4 4
140 45 320 A 2 Z 114 18 5
140 45 320 O 2 Z 36 9 5
140 50 320 A 2 Z 145 27 8
140 50 320 O 2 Z 39 14 8
140 55 300 A 2.5 Z 171 29 15 1
140 55 300 O 2.5 Z 45 15 15 1
140 60 300 A 3 0 209 28 23 2
140 60 300 O 3 0 56 14 23 2
140 70 300 A 3.5 0 276 29 25 14
140 70 300 O 3.5 0 74 15 25 14
140 80 240 A 4 0 362 29 25 24 2
140 80 240 O 4 0 91 15 25 24 2
140 90 240 A 5 0 443 38 26 23 12
140 90 240 O 5 0 107 19 26 23 12
140 120 220 A 8 0 608 75 50 23 22 20 3
140 120 220 O 8 0 168 37 50 23 22 20 3

#Data of 150FSW

150 8 500 A 0 E 0
150 8 500 O 0 E 0
150 10 420 A 0.5 F 2
150 10 420 O 0.5 F 1
150 15 420 A 0.5 H 8
150 15 420 O 0.5 H 5
150 20 400 A 0.5 K 15 2
150 20 400 O 0.5 K 8 1
150 25 400 A 1 M 29 7
150 25 400 O 1 M 14 4
150 30 340 A 1.5 O 45 7 4
150 30 340 O 1.5 O 22 4 4
150 35 340 A 1.5 Z 74 7 6
150 35 340 O 1.5 Z 30 4 6
150 40 320 A 2 Z 106 14 6 2
150 40 320 O 2 Z 35 7 6 2
150 45 320 A 2 Z 142 24 8 3
150 45 320 O 2 Z 40 12 8 3
150 50 320 A 2.5 Z 170 28 14 4
150 50 320 O 2.5 Z 46 14 14 4
150 55 320 A 3 0 212 28 21 7
150 55 320 O 3 0 57 14 21 7
150 60 320 A 3 0 248 28 26 11
150 60 320 O 3 0 67 14 26 11
150 70 300 A 4 0 330 28 25 24 3
150 70 300 O 4 0 85 14 25 24 3
150 80 300 A 4.5 0 430 35 26 23 15
150 80 300 O 4.5 0 104 18 26 23 15
150 90 240 A 5.5 0 496 47 26 23 22 3
150 90 240 O 5.5 0 118 24 26 23 22 3
150 120 220 A 8 0 608 75 50 23 22 20 3
150 120 220 O 8 0 168 37 50 23 22 20 3